0.0
0.0
0.00480357
0.00443715
0.00303409
0.00414785
0.00214929
0.00403305
0.00164955
0.00825701
0.00173017
0.00219306
0.0103123
0.00836285
0.00961509
0.0155815
0.0182406
0.0263508
0.0391416
0.0351446
0.0305934
0.0426561
0.0355068
0.0525824
0.0488573
0.0595865
0.0676243
0.0659047
0.0658353
0.0769839
0.0777792
0.0909201
0.10655
0.102303
0.111447
0.12433
0.125294
0.130328
0.145457
0.168613
0.164411
0.160859
0.183651
0.202485
0.187878
0.201734
0.222395
0.249261
0.246923
0.256887
0.2697
0.292776
0.303416
0.304175
0.32951
0.344211
0.350756
0.355151
0.377551
0.398921
0.415681
0.428095
0.430932
0.45053
0.469068
0.486286
0.500554
0.510902
0.5246
0.555227
0.557758
0.570612
0.588043
0.603336
0.618723
0.62593
0.649362
0.669154
0.679838
0.693978
0.710897
0.721842
0.735743
0.749011
0.769544
0.783824
0.803926
0.820656
0.835902
0.851381
0.86605
0.885412
0.903257
0.921202
0.935096
0.953014
0.97008
0.986128
1.00262
1.0327
1.03155
1.05279
1.07176
1.08876
1.11078
1.1144
1.13863
1.15685
1.16891
1.18051
1.20171
1.22358
1.23603
1.25269
1.25556
1.28718
1.30467
1.31783
1.32696
1.34108
1.36228
1.37875
1.39622
1.4085
1.43353
1.45122
1.46327
1.47139
1.49102
1.51755
1.52982
1.53117
1.54881
1.5685
1.58433
1.59407
1.61033
1.64427
1.65119
1.66847
1.67197
1.70165
1.71293
1.72667
1.74328
1.76526
1.78137
1.79575
1.81976
1.83627
1.83948
1.85929
1.86647
1.87675
1.89687
1.905
1.92351
1.9241
1.93657
1.95663
1.96726
1.97715
1.99702
2.00245
2.02012
2.03589
2.04477
2.03868
2.05278
2.07336
2.08514
2.08709
2.09613
2.1114
0.0
-0.00171003
0.00507415
0.00804182
0.00162665
0.00451948
0.00514429
0.000429605
-0.00425654
0.0033142
0.00271942
0.00555563
0.00403872
0.0041747
0.0033106
0.000121168
0.000877386
0.000720086
0.00203888
-0.00958306
-0.00202849
0.00206329
-0.000451323
-0.00451289
-0.00829848
0.0027084
-0.00195523
-0.00365278
-0.00241506
-0.00443518
-0.00221141
-0.00462902
-0.00399556
-0.0136414
-0.00538507
-0.00259692
0.00105924
-0.00361403
-0.00891221
-0.0111566
0.0021793
-0.00902992
-0.00647024
-0.0118257
-0.00685157
-0.00295569
-0.00345914
-0.00280629
-0.00574394
0.00161557
-0.00615814
-0.00144805
0.00408753
-0.0014649
-0.00413773
0.00115739
0.0086924
-0.0011215
-0.00253077
-0.00151866
0.00646823
0.0018734
0.00060687
0.0026354
0.0123121
0.0128229
0.00735669
0.00596204
0.0116962
0.0162738
0.0189245
0.010735
0.00522029
0.0158777
0.017772
0.0109105
0.016909
0.0251682
0.0274758
0.0266344
0.0304818
0.0308875
0.0306908
0.0401702
0.040114
0.0350927
0.0377474
0.0377543
0.0404649
0.0402903
0.0493474
0.0515773
0.0540822
0.0556865
0.0575717
0.0618791
0.0692764
0.0712816
0.0708772
0.070771
0.0769309
0.0790156
0.0810653
0.0796447
0.0858356
0.080407
0.0914164
0.0919157
0.0930646
0.104113
0.105274
0.111455
0.111112
0.104486
0.110398
0.125755
0.12978
0.113547
0.117177
0.129058
0.139475
0.138829
0.137044
0.141684
0.147685
0.150655
0.152749
0.157353
0.159365
0.165153
0.165118
0.170947
0.183596
0.187851
0.190105
0.184251
0.193492
0.202013
0.202603
0.203481
0.21016
0.211288
0.213766
0.218749
0.218963
0.225194
0.224907
0.22524
0.23027
0.232087
0.241972
0.244785
0.246622
0.248934
0.257145
0.260909
0.263467
0.267522
0.276661
0.281661
0.286465
0.292215
0.298186
0.305004
0.307981
0.313845
0.323825
0.328098
0.335545
0.336466
0.333454
0.342498
0.352339
0.355583
0.359806
0.367787
0.369673
0.37393
0.372837
0.379195
0.390726
0.395145
0.396022
0.399109
0.404627
0.41046
0.4167
0.414987
0.427686
0.427098
0.42527
0.434256
0.434939
0.443089
0.447751
0.453992
0.45874
0.462657
0.470031
0.470436
0.479374
0.48242
0.480691
0.490902
0.498003
0.501993
0.503204
0.508813
0.511931
0.513761
0.526015
0.530565
0.532992
0.539202
0.543924
0.541769
0.552478
0.556122
0.558053
0.560786
0.567992
0.572809
0.581672
0.589638
0.588585
0.599499
0.607115
0.613255
0.618437
0.622919
0.631311
0.637657
0.642425
0.641757
0.651278
0.658679
0.659113
0.66814
0.66958
0.678553
0.689345
0.690704
0.693145
0.702596
0.706908
0.713544
0.716812
0.719537
0.731528
0.736825
0.744187
0.750839
0.750761
0.758988
0.766649
0.771722
0.776097
0.779839
0.789658
0.797296
0.802415
0.806233
0.813029
0.819301
0.827882
0.829487
0.841053
0.850634
0.863644
0.860348
0.867244
0.882376
0.884281
0.891409
0.894171
0.901257
0.909836
0.914597
0.916123
0.919318
0.930136
0.936253
0.946094
0.949977
0.958266
0.95918
0.974061
0.975029
0.989361
0.985549
0.993648
0.999144
1.0011
1.00649
1.01715
1.01902
1.02571
1.03721
1.03918
1.04994
1.0521
1.05648
1.06116
1.07151
1.07668
1.07998
1.08656
1.09349
1.10577
1.11795
-0.0
0.00459654
0.000122879
-0.00156569
-0.00177635
-0.0026293
-0.000159398
-0.000508649
0.00864305
0.0128296
-0.00364831
-0.000407634
-0.00169366
0.0020077
0.00311009
0.00103349
0.00341384
-0.00184972
0.00358034
-0.0108602
-0.0102339
-0.0123596
-0.013121
-0.0106759
-0.016058
-0.0248795
-0.0193572
-0.01811
-0.0214141
-0.0243384
-0.0322276
-0.0326138
-0.0336324
-0.0333644
-0.0433576
-0.0475788
-0.0466637
-0.0520964
-0.0634467
-0.0622626
-0.0777848
-0.0673796
-0.0754703
-0.0933983
-0.0700395
-0.0737081
-0.0873028
-0.0963736
-0.0939879
-0.088989
-0.095802
-0.111016
-0.123993
-0.105353
-0.10704
-0.111465
-0.139273
-0.137494
-0.138102
-0.139798
-0.157112
-0.158438
-0.158448
-0.161385
-0.171148
-0.189775
-0.19689
-0.175272
-0.186504
-0.194701
-0.211433
-0.210399
-0.214563
-0.219315
-0.227384
-0.23157
-0.242496
-0.25774
-0.259317
-0.250851
-0.258642
-0.279778
-0.29879
-0.287444
-0.293333
-0.315241
-0.335205
-0.329237
-0.319363
-0.349986
-0.361694
-0.370748
-0.357723
-0.376079
-0.393568
-0.405486
-0.408542
-0.414302
-0.427113
-0.442208
-0.445248
-0.452348
-0.459712
-0.471431
-0.482586
-0.493422
-0.498892
-0.514871
-0.519727
-0.533746
-0.541441
-0.548129
-0.56055
-0.566977
-0.572788
-0.583425
-0.600146
-0.603281
-0.612151
-0.622689
-0.6408
-0.646643
-0.648135
-0.664368
-0.692819
-0.690867
-0.700738
-0.710375
-0.724803
-0.742023
-0.74835
-0.748066
-0.766096
-0.789668
-0.796754
-0.803486
-0.809097
-0.832547
-0.839934
-0.847333
-0.855853
-0.879623
-0.889676
-0.891048
-0.900883
-0.925051
-0.941867
-0.943938
-0.95221
-0.980442
-0.993411
-0.984279
-1.00279
-1.03468
-1.04299
-1.05146
-1.04765
-1.07846
-1.09364
-1.10501
-1.10654
-1.12847
-1.13941
-1.15384
-1.16934
-1.18081
-1.19253
-1.20822
-1.21684
-1.24452
-1.25017
-1.26152
-1.28274
-1.29202
-1.30342
-1.32471
-1.3268
-1.33708
-1.34724
-1.37042
-1.38312
-1.39545
-1.40409
-1.42316
-1.43883
-1.44677
-1.46097
-1.47849
-1.49804
0.0
-0.000712597
0.000791233
0.000127837
0.00311858
0.00271866
0.00350443
0.00310381
0.00272078
0.00160362
0.00205173
0.00128438
0.00102377
-0.00180139
0.00103889
-0.00149189
-0.00406655
0.000614293
0.000399273
0.00646302
0.0022464
0.00620534
0.0035255
0.0066459
0.00669989
0.00590976
0.0117041
0.00973599
0.00968906
0.0102448
0.00744043
0.00717823
0.00502433
0.00802805
0.00835489
0.0125528
0.0101396
0.00545273
0.00725518
0.00649366
0.0119831
0.0108003
0.0113351
0.0143799
0.0134642
0.0144887
0.0134385
0.00729178
0.0085866
0.0109168
0.0159186
0.0164656
0.0155589
0.01495
0.0180252
0.0115393
0.0146283
0.0159308
0.0204803
0.0194637
0.0160154
0.0132232
0.0171278
0.0194583
0.0173898
0.0161551
0.0239619
0.0283884
0.0281625
0.0257372
0.0241301
0.0257737
0.0306351
0.0297496
0.0295075
0.0260626
0.0267204
0.0305022
0.0323139
0.0326571
0.03312
0.0385341
0.0347176
0.0374424
0.038789
0.0382235
0.0375283
0.03905
0.0415805
0.0437607
0.0383536
0.0431545
0.0393293
0.0431617
0.0424277
0.0418661
0.0427075
0.0495243
0.0482612
0.0480854
0.0500297
0.0531588
0.0525056
0.0529525
0.0514821
0.0538291
0.0589812
0.0574986
0.0583805
0.0563263
0.0622825
0.0622827
0.0729336
0.0661074
0.0647871
0.0673979
0.07061
0.0653822
0.0679529
0.0679885
0.0681077
0.0747565
0.0697416
0.0712101
0.0712871
0.0801506
0.076625
0.0778561
0.0766109
0.086883
0.0839042
0.0847493
0.0818505
0.0740441
0.0940509
0.091959
0.082547
0.075919
0.084114
0.0986398
0.0998548
0.083343
0.0859213
0.0909091
0.0928924
0.0862098
0.0892512
0.0929014
0.0996765
0.0913064
0.0886445
0.0999329
0.104256
0.102596
0.0994067
0.0947227
0.101104
0.104854
0.100274
0.104158
0.113056
0.105593
0.106566
0.109379
0.105546
0.11113
0.11439
0.108955
0.111619
0.118607
0.124875
0.120897
0.122197
0.129903
0.132942
0.129535
0.128139
0.122786
0.134664
0.127664
0.128153
0.133016
0.143783
0.135906
0.134369
0.141801
0.136568
0.144086
0.131161
0.142274
0.141761
0.154202
0.142065
0.138202
0.152011
0.160354
0.148074
0.141966
0.147386
0.153749
0.152165
0.145104
0.15737
0.151872
0.161316
0.171169
0.165352
0.167456
0.177368
0.170876
0.17295
0.173216
0.179148
0.182348
0.179073
0.177524
0.176657
0.191745
0.188229
0.181125
0.185208
0.192968
0.195101
0.196065
0.189932
0.199641
0.196454
0.196728
0.19931
0.200002
0.206222
0.208628
0.207061
0.209694
0.216154
0.2243
0.224229
0.221929
0.22672
0.230544
0.235235
0.234153
0.23179
0.236395
0.241265
0.244003
0.24739
0.251465
0.247871
0.254479
0.0
-0.00188013
-0.000413948
-0.00394185
-0.00496316
-0.0103173
-0.00522047
-0.00401452
-0.00637364
-0.00819818
-0.011617
-0.00825292
-0.00840808
-0.00884558
-0.00801835
-0.0116483
-0.0120615
-0.0146927
-0.0199564
-0.0135687
-0.0107307
-0.00581301
-0.0122676
-0.0179331
-0.0135536
-0.0133262
-0.0137535
-0.0241807
-0.0205745
-0.0154954
-0.0208643
-0.0163349
-0.0180047
-0.0137256
-0.0163031
-0.0160521
-0.0187223
-0.0176408
-0.00876953
-0.0213403
-0.0194611
-0.0134537
-0.0163298
-0.0170918
-0.0163542
-0.0168172
-0.00573695
-0.00805986
-0.000399459
-0.00421486
-0.00232916
0.00201244
-0.00540727
-0.00952495
-0.0047426
-0.0138624
-0.0126712
-0.0133376
-0.0241059
-0.0209118
-0.0216005
-0.0130942
-0.0179825
-0.0226679
-0.00346214
-0.010389
-0.00317086
-0.00371544
-0.00994213
-0.0202059
-0.008897
-0.00309679
-0.00132388
0.00329014
0.00319636
-0.0013626
-0.00489471
-0.00613448
-0.00762199
-0.0106936
-0.00709968
-0.0114393
-0.00717927
-0.0150478
-0.0113977
-0.0217215
-0.011422
-0.0146965
-0.0183453
-0.0193909
-0.00861424
-0.012085
-0.0113346
-0.013077
-0.0151074
-0.0175037
-0.0124079
-0.0135712
-0.0135082
-0.0180221
-0.00863063
-0.00385729
-0.00801751
-0.0089136
-0.00555191
-0.00794477
-0.00816888
-0.0112341
-0.0126539
-0.0134276
-0.0176141
-0.0117982
-0.0138924
-0.0174526
-0.0223775
-0.0146223
-0.0209756
-0.0213458
-0.0121401
-0.0101081
-0.0237541
-0.0201077
-0.0253688
-0.0116603
-0.0201929
-0.0212566
-0.0269704
-0.0240425
-0.0183034
-0.0209078
-0.0250921
-0.0169384
-0.00549475
-0.0160537
-0.0260684
-0.0297581
-0.0178118
-0.0250427
-0.0304233
-0.0311752
-0.0178793
-0.0261849
-0.0211543
-0.0277666
-0.0285921
-0.027212
-0.034759
-0.0318735
-0.033783
-0.0180026
-0.0260462
-0.0283383
-0.0209991
-0.0191261
-0.0198188
-0.0208609
-0.0298243
-0.0248761
-0.0201092
-0.0194319
-0.0144573
-0.0227117
-0.0200457
-0.0206731
-0.0238364
-0.0295901
-0.0141269
-0.0165218
-0.0233617
-0.0216666
-0.0211004
-0.0199365
-0.0198524
-0.0199103
-0.0201796
-0.0212259
-0.0176289
-0.0159835
-0.019254
-0.0202132
-0.0149927
-0.017451
-0.0183919
-0.0185446
-0.0166873
-0.0211525
-0.01642
-0.0147773
-0.0181146
-0.0193145
-0.0214295
-0.0194898
-0.0212448
-0.0197372
-0.0194649
-0.0173819
0.0
0.00208582
0.00349181
-0.00233354
-0.00272432
0.000991238
0.00387754
0.00242655
0.00237332
0.000482519
0.00104164
0.00302431
0.0020321
-0.0038378
-0.00442912
-0.00447287
0.000441755
-0.000478311
-0.000167952
0.00443972
0.0049685
-0.00183416
0.0015847
0.00405861
0.00817497
0.00887308
0.00345502
0.00148262
0.0022675
0.00465254
0.00793052
0.00519896
0.0109138
0.000624954
0.00153423
0.000773808
0.00279393
0.010613
0.00248845
0.00365367
0.00702295
0.00590254
0.00322513
-0.00600614
0.00922706
0.00996216
0.000162143
-0.0109107
-0.0115375
0.00312103
0.00482881
0.0063001
-0.00385922
-0.00379696
0.00804794
0.00507042
-0.000614601
-0.00643203
0.0102121
0.0126819
-0.00197445
-0.00684395
0.00170791
0.00767216
-0.00407815
-0.00328086
-0.00178931
0.0160568
0.0165718
-0.000536301
0.00373381
0.0217899
0.0123545
-0.000514955
-0.0013681
0.00411511
0.0161977
0.00352162
0.00752183
0.0150565
0.0215232
0.00761476
0.0046463
0.00950749
0.0246124
0.00862898
0.0122133
0.0145648
0.0201373
0.0279169
0.0183719
0.0162906
0.0202817
0.0184556
0.0194486
0.0159745
0.0135709
0.0168419
0.0133179
0.0153441
0.0184085
0.0154314
0.0113906
-0.000230291
0.00289459
0.0145849
0.00943265
0.0151325
0.00840887
0.00891163
0.0177785
0.0102457
0.0191208
0.0236026
0.028362
0.0217512
0.0213447
0.0201011
0.0189332
0.0177201
0.00826451
0.00702384
0.0156014
0.0185964
0.00806642
0.00666272
0.00849086
0.0204862
0.00851352
0.00358673
0.0217108
0.0244068
0.0192011
0.00853586
0.0137379
0.0152148
0.0152389
0.0086224
0.000934578
0.00812839
0.0134148
0.0072732
0.00292151
0.00417728
0.00566057
0.00450493
0.000254082
0.00805284
0.0127928
0.00514399
0.00331712
0.0112095
0.0165659
0.0100239
0.0114227
0.0123336
0.0
-0.00459654
-0.000122879
0.00156569
0.00177635
0.0026293
0.000159398
0.000508649
-0.00864305
-0.0128296
0.00364831
0.000407634
0.00169366
-0.0020077
-0.00311009
-0.00103349
-0.00341384
0.00184972
-0.00358034
0.0108602
0.0102339
0.0123596
0.013121
0.0106759
0.016058
0.0248795
0.0193572
0.01811
0.0214141
0.0243384
0.0322276
0.0326138
0.0336324
0.0333644
0.0433576
0.0475788
0.0466637
0.0520964
0.0634467
0.0622626
0.0777848
0.0673796
0.0754703
0.0933983
0.0700395
0.0737081
0.0873028
0.0963736
0.0939879
0.088989
0.095802
0.111016
0.123993
0.105353
0.10704
0.111465
0.139273
0.137494
0.138102
0.139798
0.157112
0.158438
0.158448
0.161385
0.171148
0.189775
0.19689
0.175272
0.186504
0.194701
0.211433
0.210399
0.214563
0.219315
0.227384
0.23157
0.242496
0.25774
0.259317
0.250851
0.258642
0.279778
0.29879
0.287444
0.293333
0.315241
0.335205
0.329237
0.319363
0.349986
0.361694
0.370748
0.357723
0.376079
0.393568
0.405486
0.408542
0.414302
0.427113
0.442208
0.445248
0.452348
0.459712
0.471431
0.482586
0.493422
0.498892
0.514871
0.519727
0.533746
0.541441
0.548129
0.56055
0.566977
0.572788
0.583425
0.600146
0.603281
0.612151
0.622689
0.6408
0.646643
0.648135
0.664368
0.692819
0.690867
0.700738
0.710375
0.724803
0.742023
0.74835
0.748066
0.766096
0.789668
0.796754
0.803486
0.809097
0.832547
0.839934
0.847333
0.855853
0.879623
0.889676
0.891048
0.900883
0.925051
0.941867
0.943938
0.95221
0.980442
0.993411
0.984279
1.00279
1.03468
1.04299
1.05146
1.04765
1.07846
1.09364
1.10501
1.10654
1.12847
1.13941
1.15384
1.16934
1.18081
1.19253
1.20822
1.21684
1.24452
1.25017
1.26152
1.28274
1.29202
1.30342
1.32471
1.3268
1.33708
1.34724
1.37042
1.38312
1.39545
1.40409
1.42316
1.43883
1.44677
1.46097
1.47849
1.49804
0.0
0.00173465
0.0091035
0.00377652
0.00174696
0.00394933
0.00245862
0.00150049
-0.00295203
8.71928e-05
0.0021366
0.00572766
0.00244314
0.00267591
-9.15292e-05
0.00883333
0.00763254
0.00645583
0.010182
0.0127234
0.00410179
-0.000753091
0.0154198
0.0244301
0.0187928
0.0147116
0.0202229
0.0220933
0.0157475
0.00657276
0.0174795
0.0179588
0.0213788
0.0197847
0.0253605
0.0298325
0.0247522
0.026293
0.0187891
0.0166149
0.0289199
0.0244373
0.0246093
0.0121383
0.0253819
0.0227794
0.0153645
0.0122936
0.0117567
0.0150101
0.0174688
0.0166672
0.0182506
0.0153609
0.0129892
0.00876486
0.0101154
0.0159387
0.0147284
0.00789964
0.00818295
0.00660401
0.0115542
0.00867187
0.00520197
0.00711074
0.00924369
0.0203766
0.0121217
0.00299385
0.00136069
-0.00318844
-0.000769161
0.00104107
-0.00631268
-0.00888291
0.00117698
-0.00573137
-0.0104025
-0.0124278
-0.00425432
-0.00798467
-0.0113372
-0.0232535
-0.0164981
-0.017584
-0.0175032
-0.016416
-0.0176144
-0.027372
-0.0269939
-0.0426028
-0.0314037
-0.0225532
-0.0129697
-0.0288763
-0.0359521
-0.0306596
-0.0300607
-0.046917
-0.0517268
-0.0543554
-0.0504233
-0.0389351
-0.055176
-0.0525798
-0.0562854
-0.0583663
-0.0588147
-0.0706673
-0.0684434
-0.0640036
-0.0633133
-0.0719149
-0.0708964
-0.0611502
-0.0628848
-0.0718696
-0.0781527
-0.0765126
-0.0617259
-0.0733376
-0.0851558
-0.0938532
-0.0999845
-0.0812108
-0.0722192
-0.0890047
-0.105658
-0.0853217
-0.0920037
-0.106587
-0.11745
-0.109478
-0.108128
-0.106778
-0.126084
-0.123356
-0.12806
-0.12093
-0.145035
-0.1496
-0.14166
-0.13874
-0.146151
-0.149793
-0.144852
-0.148209
-0.157643
-0.160228
-0.161614
-0.165787
-0.184447
-0.188785
-0.187464
-0.192956
-0.195741
-0.194703
-0.211071
-0.214989
-0.214196
-0.208611
-0.218135
-0.222267
-0.232984
-0.230644
-0.240442
-0.245785
-0.241019
-0.251744
-0.245722
-0.250519
-0.259192
-0.266611
-0.26245
-0.269831
-0.262514
-0.274696
-0.282693
-0.282793
-0.29057
-0.300236
-0.313286
-0.304687
-0.316732
-0.325317
-0.334267
-0.326651
-0.331834
-0.345798
-0.353755
-0.354356
-0.357369
-0.360701
-0.362201
-0.385156
-0.376182
-0.384998
-0.392763
-0.392317
-0.397176
-0.398183
-0.415233
-0.416853
-0.424387
-0.429269
-0.436742
-0.433735
-0.443969
-0.454547
-0.466196
-0.470088
-0.474249
-0.47764
-0.485403
-0.486969
-0.492342
-0.488564
-0.505871
-0.506176
-0.521195
-0.527195
-0.524987
-0.534536
-0.54399
-0.538337
-0.539476
-0.559722
-0.568628
-0.578896
-0.574986
-0.583132
-0.590145
-0.599583
-0.609069
-0.612765
-0.609709
-0.627745
-0.632388
-0.633052
0.0
-0.00437631
-0.0166007
-0.00389517
-0.00331517
-0.00774804
-0.00652319
-0.00339216
0.000278278
0.00147008
-0.0106969
-0.00273393
-0.0149206
-0.00528993
-0.00792329
-0.0181272
-0.026377
-0.0361853
-0.0335188
-0.0346425
-0.0370952
-0.0352884
-0.0477989
-0.0492416
-0.0469393
-0.0373858
-0.0446118
-0.0683718
-0.0651968
-0.0683202
-0.0599447
-0.0708692
-0.0771661
-0.0899118
-0.0936961
-0.105876
-0.100784
-0.0932663
-0.112402
-0.125735
-0.116129
-0.137609
-0.132976
-0.138609
-0.140488
-0.140919
-0.159045
-0.164304
-0.167692
-0.179291
-0.171115
-0.187454
-0.198888
-0.202718
-0.207156
-0.219019
-0.224532
-0.230653
-0.237536
-0.249173
-0.250244
-0.270506
-0.27864
-0.269731
-0.277773
-0.292216
-0.305725
-0.307858
-0.314354
-0.316713
-0.331921
-0.343164
-0.354008
-0.358119
-0.37489
-0.387469
-0.393272
-0.395476
-0.410055
-0.423498
-0.436816
-0.438099
-0.443521
-0.45784
-0.475452
-0.486891
-0.484497
-0.5025
-0.51692
-0.527599
-0.53871
-0.543781
-0.557651
-0.572743
-0.575728
-0.592369
-0.598128
-0.614388
-0.623731
-0.619545
-0.646627
-0.651763
-0.663504
-0.681218
-0.686411
-0.695417
-0.712629
-0.723647
-0.727814
-0.748397
-0.746587
-0.764971
-0.780136
-0.787962
-0.799721
-0.80617
-0.817381
-0.824402
-0.841796
-0.849153
-0.86887
-0.877549
-0.896709
-0.905359
-0.920779
-0.933719
-0.939923
-0.947416
-0.977166
-0.990815
-1.00295
-0.995838
-1.00669
-1.02893
-1.05206
-1.0588
-1.06522
-1.08543
-1.09628
-1.11602
-1.12723
-1.13985
-1.15289
-1.17288
-1.18812
-1.19696
-1.20876
-1.21876
-1.2431
-1.26052
-1.27476
-1.28511
-1.29441
-1.31164
-1.33113
-1.33502
-1.35171
-1.36952
-1.3846
-1.39494
-1.41357
-1.41095
-1.42209
-1.44842
-1.47404
-1.48285
-1.48856
-1.49802
-1.52208
-1.54556
-1.55527
-1.56136
-1.57826
-1.60182
-1.61315
-1.62636
-1.63314
-1.637
-1.66418
-1.66403
-1.67559
-1.70109
-1.71258
-1.74122
-1.74284
-1.76216
-1.76804
-1.77695
-1.78205
-1.79606
-1.81827
-1.81951
-1.82754
-1.85667
-1.86811
-1.8815
-1.90413
-1.89554
-1.9134
-1.93013
-1.94416
-1.94584
-1.93908
-1.95752
-1.98373
-2.00588
-2.00959
-2.01319
-2.01033
-2.04693
-2.05086
0.0
0.00220574
0.00122701
0.00155549
0.00391925
0.00272488
0.000250693
-0.00188438
-0.00107889
-0.00462887
0.000996738
-0.00572674
-0.00631469
-0.00692584
0.00111235
0.0067883
-0.00636381
-0.00368225
0.00245933
-9.8854e-05
0.00771252
0.00208055
0.00752386
0.00757106
0.00995219
0.0113268
0.0122107
0.0213604
0.0175722
0.0159038
0.0195716
0.0215562
0.0303683
0.027234
0.025641
0.023628
0.0242054
0.0287675
0.0271259
0.0262713
0.0280769
0.025514
0.0235057
0.021381
0.0179172
0.014192
0.017795
0.0201769
0.0129513
0.0181456
0.0116314
0.0115455
0.00634689
0.00293666
0.00398548
0.00268244
0.00180255
0.00206168
-0.00355064
-0.00446696
0.00287049
-0.00539014
-0.00724076
-0.00876565
-0.00472943
-0.0113423
-0.0161333
-0.0171934
-0.00895404
-0.0108036
-0.0128448
-0.0247475
-0.0255214
-0.0189594
-0.0235855
-0.0321368
-0.0314271
-0.0319208
-0.0400758
-0.0520811
-0.0557503
-0.0497621
-0.0541748
-0.0514678
-0.0615782
-0.053967
-0.0581331
-0.0600762
-0.0733163
-0.071182
-0.0700958
-0.0761599
-0.0907931
-0.0890679
-0.0915658
-0.0938755
-0.107384
-0.110744
-0.108987
-0.106208
-0.121912
-0.124222
-0.118861
-0.121649
-0.132365
-0.14612
-0.150646
-0.140415
-0.143684
-0.168761
-0.166006
-0.161694
-0.166558
-0.183264
-0.186571
-0.180253
-0.18303
-0.19409
-0.201759
-0.207848
-0.210919
-0.22282
-0.227346
-0.230298
-0.232172
-0.238328
-0.243727
-0.247703
-0.25091
-0.259159
-0.269203
-0.272043
-0.277321
-0.27848
-0.287394
-0.294887
-0.297214
-0.300095
-0.307682
-0.312595
-0.31149
-0.307918
-0.321434
-0.326323
-0.325873
-0.328423
-0.341507
-0.342045
-0.355473
-0.351922
-0.35504
-0.363719
-0.373059
-0.382706
-0.386337
-0.391133
-0.399974
-0.410747
-0.411275
-0.420518
-0.419613
-0.426055
-0.440566
-0.452042
-0.456462
-0.45448
-0.461711
-0.477796
-0.47832
-0.47794
-0.490057
-0.501762
-0.504778
-0.50648
-0.514451
-0.519577
-0.522338
-0.530849
-0.539185
-0.544284
-0.55221
-0.561345
-0.572808
-0.573515
-0.578879
-0.590478
-0.597557
-0.602789
-0.615699
-0.620426
-0.631192
-0.654036
-0.655341
-0.662948
-0.685389
-0.694022
-0.695453
-0.702178
-0.707977
-0.71506
-0.724061
-0.738115
-0.749034
-0.747676
-0.758073
-0.765622
-0.786286
-0.794001
-0.805746
-0.80879
-0.819006
-0.838805
-0.845827
-0.853382
-0.851786
-0.862953
-0.881378
-0.892943
-0.892405
-0.895165
-0.912722
-0.921271
-0.933965
-0.934711
-0.950767
-0.968281
-0.974373
-0.979693
-0.98332
-0.988774
-1.00317
-1.01091
-1.02611
-1.03989
-1.04714
-1.05463
-1.06432
-1.07774
-1.08585
-1.09559
-1.09952
-1.10332
-1.11564
-1.12793
-1.12891
-1.13369
-1.13747
-1.15683
-1.16574
-1.17009
-1.1744
-1.19005
-1.19896
-1.20552
-1.21734
-1.23005
-1.2389
-1.24418
-1.25514
-1.2624
-1.26411
-1.27308
-1.27946
-1.29344
-1.3006
-1.30611
-1.31047
-1.31536
-1.32542
-1.33754
-1.34895
-1.3527
-1.36576
-1.37566
-1.3835
-1.3897
-1.38877
-1.39673
-1.41212
-1.41858
-1.4233
-1.4295
-1.44161
-1.45399
-1.46185
-1.46546
-1.48173
-1.49047
-1.50309
-1.50893
-1.50678
-1.52223
-1.52913
-1.52705
-1.52184
-1.53644
0.0
