0.0
0.0
-0.00276131
-0.00350374
-0.00345842
-0.00346413
-0.00441971
-0.00236461
0.00316043
0.00704289
0.0146488
0.0165845
0.0234365
0.042977
0.0549228
0.0626057
0.0743841
0.0874892
0.100753
0.116677
0.127829
0.135905
0.159753
0.168021
0.181096
0.19564
0.211064
0.225893
0.238106
0.242701
0.265289
0.280441
0.288176
0.302731
0.323126
0.334774
0.346305
0.362332
0.375518
0.388788
0.404632
0.430176
0.433745
0.441607
0.462581
0.469416
0.486759
0.50208
0.504679
0.518619
0.531309
0.548768
0.56118
0.567418
0.576416
0.588995
0.60221
0.6146
0.619146
0.63494
0.642653
0.660052
0.663848
0.674912
0.677976
0.694268
0.707958
0.708746
0.719829
0.728467
0.738047
0.743259
0.739385
0.751715
0.765883
0.774808
0.77832
0.771441
0.788249
0.802334
0.801088
0.806424
0.824991
0.836739
0.836215
0.833941
0.834117
0.84472
0.850585
0.848505
0.848398
0.849617
0.859397
0.858568
0.859806
0.857264
0.866331
0.872148
0.86509
0.858749
0.868857
0.877118
0.863434
0.856606
0.862508
0.875244
0.863227
0.855585
0.848913
0.860697
0.856101
0.849534
0.848942
0.847694
0.85688
0.837921
0.830089
0.828419
0.83955
0.829413
0.822123
0.817555
0.812673
0.80507
0.79836
0.792255
0.783315
0.776204
0.767377
0.75675
0.752086
0.747867
0.73981
0.73124
0.730773
0.718281
0.702341
0.686183
0.68449
0.676987
0.66539
0.649276
0.648651
0.636403
0.624582
0.60618
0.602345
0.592875
0.577707
0.56539
0.565515
0.551463
0.538466
0.526085
0.507494
0.498866
0.484755
0.473494
0.462942
0.447316
0.434319
0.425348
0.413702
0.396864
0.38471
0.374371
0.358014
0.340579
0.32875
0.313614
0.297289
0.287205
0.281294
0.269924
0.0
0.00152154
-0.00753294
-0.00857442
-0.0071538
-0.00668528
-0.0122133
-0.00445116
0.00195308
-0.00522495
-0.00825683
-0.00597817
-0.0189691
-0.0173786
-0.0252569
-0.0141578
-0.0148647
-0.0192316
-0.0337834
-0.0212646
-0.0327885
-0.0471689
-0.050014
-0.0489121
-0.0585091
-0.0653857
-0.0733618
-0.0809902
-0.0812537
-0.0844782
-0.0843406
-0.0962398
-0.103808
-0.103301
-0.114782
-0.120283
-0.135693
-0.142518
-0.148719
-0.147033
-0.163165
-0.163429
-0.17119
-0.171306
-0.178728
-0.193696
-0.194765
-0.200993
-0.199878
-0.218133
-0.22276
-0.216182
-0.23943
-0.239073
-0.246696
-0.260178
-0.26574
-0.262205
-0.277888
-0.274122
-0.292682
-0.287901
-0.30519
-0.312341
-0.317698
-0.323568
-0.328656
-0.341936
-0.336778
-0.345072
-0.357466
-0.363861
-0.373935
-0.383994
-0.389803
-0.390785
-0.405854
-0.422148
-0.429835
-0.425397
-0.426287
-0.435314
-0.451163
-0.467724
-0.471144
-0.475146
-0.470616
-0.470431
-0.500426
-0.496741
-0.511333
-0.512482
-0.529721
-0.525101
-0.532406
-0.540276
-0.554966
-0.563214
-0.554654
-0.56972
-0.579035
-0.58836
-0.597566
-0.598809
-0.6069
-0.613608
-0.629887
-0.628994
-0.635722
-0.65114
-0.653159
-0.669094
-0.668395
-0.655977
-0.678953
-0.695399
-0.696423
-0.687957
-0.691447
-0.716675
-0.72031
-0.728276
-0.726761
-0.738184
-0.747485
-0.755247
-0.760037
-0.769907
-0.785877
-0.78394
-0.787304
-0.801631
-0.803584
-0.811542
-0.821929
-0.828653
-0.833828
-0.846046
-0.852356
-0.859418
-0.871408
-0.876724
-0.875103
-0.889251
-0.89713
-0.898965
-0.900354
-0.908962
-0.917677
-0.925815
-0.932976
-0.939628
-0.947223
-0.959281
-0.965208
-0.968708
-0.976279
-0.97866
-0.990743
-0.998702
-1.00596
-1.01906
-1.02262
-1.03316
-1.03809
-1.03762
-1.04692
-1.05609
-1.06428
-1.07212
-1.0731
-1.07649
-1.08264
-1.08743
-1.09324
-1.11325
-1.10807
-1.11895
-1.12657
-1.13187
-1.13669
-1.14261
-1.14645
-1.16082
-1.16665
-1.16792
-1.17762
-1.17568
-1.18684
-1.18519
-1.19193
-1.20319
-1.20525
-1.21419
-1.22351
-1.23188
-1.23728
-1.24276
-1.2541
-1.24848
-1.26383
-1.26356
-1.27176
-1.28175
-1.28466
-1.28897
-1.29555
-1.30471
-1.30437
-1.31246
-1.3208
-1.321
-1.32477
-1.3363
-1.34129
-1.33891
-1.34653
-1.35589
-1.3642
-1.37032
-1.3726
-1.38051
-1.3825
-1.38977
-1.39887
-1.40217
-1.40969
-1.40695
-1.4169
-1.42208
-1.4305
-1.43662
-1.44341
-1.44221
-1.44484
-1.44999
-1.46202
-1.46358
-1.47603
-1.47699
-1.49001
-1.5064
-1.49525
-1.49638
-1.50931
-1.51191
-1.52189
-1.52359
-1.52527
-1.53504
-1.54422
-1.54874
-1.54977
-1.55163
-1.5664
-1.56191
-1.57434
-1.57732
-1.59498
-1.59492
-1.59554
-1.60402
-1.609
-1.61464
-1.61646
-1.6208
-1.62754
-1.64048
-1.65565
-1.64933
-1.6524
-1.66554
-1.66605
-1.65683
-1.66248
-1.68855
-1.68922
-1.67752
-1.68297
-1.69244
-1.70769
-1.71247
-1.70401
-1.71471
-1.72982
-1.73157
-1.72987
-1.73141
-1.74422
-1.74874
-1.75242
-1.74671
-1.75739
-1.76633
-1.77893
-1.76762
-1.77186
-1.78937
-1.79364
-1.80532
-1.79034
-1.80167
-1.80844
-1.81515
-1.82691
-1.83046
-1.83133
-1.83653
-1.83911
-1.85403
0.0
0.00771859
0.000576824
6.84487e-05
7.15385e-06
0.00456133
0.00276534
-0.00447573
0.00220465
0.00745944
0.00715557
0.0194413
0.017891
0.0256344
0.0281559
0.0442759
0.0557397
0.0632231
0.0730222
0.0842391
0.103783
0.11593
0.124971
0.13696
0.1538
0.159299
0.173623
0.195437
0.204321
0.222939
0.233143
0.246473
0.263189
0.279899
0.29248
0.301043
0.311509
0.330715
0.337685
0.350191
0.368337
0.383766
0.407154
0.419874
0.431014
0.447582
0.460702
0.475061
0.482019
0.4993
0.513274
0.52897
0.544472
0.545207
0.565891
0.581331
0.59725
0.609084
0.618618
0.63224
0.653161
0.663271
0.668736
0.681388
0.702224
0.715362
0.728759
0.734799
0.751355
0.766992
0.786818
0.793658
0.803958
0.822478
0.835652
0.846024
0.859865
0.875694
0.888876
0.905445
0.925377
0.931434
0.938141
0.955897
0.966875
0.980297
0.987284
1.00377
1.01064
1.02339
1.0391
1.04461
1.06396
1.07428
1.0861
1.09775
1.10688
1.11643
1.1285
1.14238
1.1484
1.15864
1.17116
1.18805
1.19543
1.20343
1.21244
1.22064
1.24132
1.25353
1.25426
1.26677
1.28485
1.29877
1.30104
1.30884
1.32069
1.33775
1.34787
1.35413
1.36437
1.38215
1.38647
1.3936
1.40038
1.41264
1.4283
1.42942
1.43945
1.44493
1.46416
1.47461
1.47255
1.47946
1.48497
1.49312
1.50542
1.51292
1.52479
1.54466
1.54032
1.54765
1.55978
1.57174
1.57742
1.58419
1.59281
1.60503
1.61927
1.61374
1.63176
1.64308
1.6535
1.65273
1.66013
1.66741
1.6945
1.68786
1.69873
1.70373
1.72345
1.72446
1.73461
1.73771
1.74592
1.75604
1.76613
1.77144
1.78112
1.78805
1.79732
1.8051
1.81956
1.82346
1.82392
1.82542
1.84065
1.8446
1.84905
1.86008
1.86796
1.87111
1.87708
1.87651
1.88494
1.89436
1.8986
1.90225
1.90817
0.0
0.00427893
0.00519806
0.00412848
0.00406697
0.00389293
0.00124205
0.00449848
0.00742166
0.00570588
0.00285959
0.00240851
-0.00220955
-0.014024
-0.0187578
-0.0174037
-0.0263488
-0.0251528
-0.0331395
-0.0441347
-0.0538461
-0.0600209
-0.0697656
-0.0776493
-0.0887912
-0.0996188
-0.107103
-0.118215
-0.128195
-0.142074
-0.15528
-0.163605
-0.174072
-0.183807
-0.193641
-0.200538
-0.216748
-0.224637
-0.23496
-0.248179
-0.258137
-0.269652
-0.272332
-0.293234
-0.296927
-0.312345
-0.319749
-0.333223
-0.341136
-0.351578
-0.365293
-0.370692
-0.387296
-0.399012
-0.412343
-0.420146
-0.43253
-0.446296
-0.458963
-0.461329
-0.471449
-0.478782
-0.494671
-0.512748
-0.521675
-0.537842
-0.543612
-0.553186
-0.560795
-0.569027
-0.584608
-0.595825
-0.605378
-0.618809
-0.627494
-0.639784
-0.652395
-0.661719
-0.667852
-0.682093
-0.690074
-0.705114
-0.719071
-0.722836
-0.729045
-0.740137
-0.757537
-0.767476
-0.778666
-0.785515
-0.785929
-0.802709
-0.812216
-0.826055
-0.837532
-0.847149
-0.857849
-0.864696
-0.875327
-0.884185
-0.894161
-0.906943
-0.919096
-0.937745
-0.944934
-0.950522
-0.965972
-0.977762
-0.990991
-0.998737
-1.00843
-1.02473
-1.03567
-1.04498
-1.05819
-1.06951
-1.08241
-1.09086
-1.09816
-1.11822
-1.13379
-1.1412
-1.1464
-1.15644
-1.17245
-1.18784
-1.19206
-1.20257
-1.22054
-1.23258
-1.24612
-1.25102
-1.26427
-1.28058
-1.28702
-1.29712
-1.31048
-1.33034
-1.34375
-1.35287
-1.36145
-1.37657
-1.38125
-1.40427
-1.42116
-1.42177
-1.43559
-1.4476
-1.46638
-1.47138
-1.48355
-1.49384
-1.49785
-1.51557
-1.52487
-1.53866
-1.544
-1.55574
-1.58115
-1.57962
-1.58413
-1.60031
-1.60787
-1.62077
-1.6362
-1.64273
-1.65445
-1.67415
-1.67898
-1.68819
-1.69752
-1.70647
-1.72168
-1.72893
-1.73276
-1.74351
-1.76414
-1.78224
-1.7803
-1.79853
-1.79651
-1.81414
-1.81909
-1.8328
-1.85265
-1.86374
-1.88776
-1.88412
-1.90004
-1.9086
-1.93666
-1.92807
-1.9469
-1.94892
-1.96405
-1.97584
-1.99927
-2.01083
-2.01814
-2.02909
-2.04747
-2.06191
-2.05809
-2.0872
-2.08922
-2.09025
-2.10108
-2.11535
-2.12296
-2.1372
-2.15682
-2.17284
-2.1727
-2.18743
-2.20916
-2.22179
-2.21877
-2.22896
-2.25851
-2.26649
-2.27692
-2.28065
-2.28864
-2.30953
-2.33008
-2.32811
-2.34838
-2.37431
-2.38082
-2.38899
-2.39554
-2.39618
-2.41443
-2.42514
-2.44384
-2.44633
-2.46152
-2.47606
-2.47542
-2.49346
-2.50172
-2.51403
-2.51533
-2.52757
-2.53964
-2.5621
-2.56656
-2.57144
-2.57967
-2.60006
0.0
-0.00185355
0.00100655
0.00331751
0.00448404
-0.00195179
-0.00341448
-0.00326457
-0.00172632
0.00204017
0.00440504
0.0113023
0.00814187
0.0134754
0.0258594
0.0337083
0.0444386
0.0571554
0.0649483
0.0830096
0.0937839
0.110712
0.118614
0.122508
0.139596
0.16817
0.178264
0.181844
0.197168
0.219416
0.225123
0.237198
0.26135
0.26904
0.288916
0.303531
0.312525
0.336381
0.352561
0.353412
0.375866
0.395329
0.411349
0.43043
0.442558
0.459975
0.485032
0.501762
0.514563
0.532359
0.544913
0.570266
0.580904
0.602898
0.617313
0.622097
0.645034
0.644819
0.649927
0.673378
0.684242
0.713779
0.717868
0.728597
0.759061
0.767652
0.791563
0.801898
0.820054
0.820595
0.846982
0.865479
0.880411
0.900865
0.919933
0.927396
0.942353
0.951105
0.96636
0.984272
1.00097
1.00772
1.02911
1.03145
1.05205
1.06263
1.08313
1.09518
1.10179
1.11331
1.13506
1.14874
1.1666
1.18249
1.19675
1.2117
1.23011
1.25134
1.26543
1.28105
1.29697
1.31774
1.33334
1.34764
1.3643
1.37699
1.39819
1.41571
1.42762
1.44397
1.46025
1.47442
1.49184
1.50596
1.51622
1.53767
1.55389
1.57193
1.58849
1.60351
1.61523
1.62856
1.64363
1.66539
1.67403
1.69595
1.71113
1.72433
1.73421
1.74745
1.76555
1.78533
1.79934
1.8131
1.82187
1.83901
1.86205
1.867
1.88194
1.89615
1.9154
1.92665
1.94754
1.95777
1.97332
1.9836
2.00113
2.02383
2.0419
2.05144
2.06307
2.0815
2.09836
2.12051
2.13544
2.14434
2.16033
2.17957
2.20055
2.21362
2.22725
2.23762
2.25686
2.26872
2.28721
2.29623
2.32446
2.33347
2.34662
2.36443
2.37993
2.40213
2.4133
2.42699
2.44368
2.458
2.48107
2.49419
2.51127
2.52624
2.53962
2.55313
2.56605
2.58259
2.60126
2.61555
2.62889
2.64777
2.66229
2.67614
2.6893
2.70317
2.72114
2.73618
2.74729
2.77037
0.0
-0.000992629
0.000814293
0.000436418
-3.28467e-05
0.00304425
0.000699233
0.00328086
0.000920072
-0.00347637
-0.00816011
-0.0158709
-0.0222418
-0.0288177
-0.0444177
-0.0663821
-0.070986
-0.0929011
-0.104315
-0.119088
-0.133855
-0.1561
-0.172727
-0.187259
-0.209619
-0.222473
-0.240768
-0.261556
-0.279864
-0.298823
-0.313495
-0.33176
-0.353764
-0.373317
-0.389868
-0.404709
-0.420638
-0.447537
-0.465801
-0.487236
-0.498176
-0.52382
-0.544999
-0.567669
-0.581555
-0.598315
-0.615999
-0.640002
-0.658159
-0.67042
-0.691864
-0.712519
-0.734823
-0.756061
-0.768593
-0.789774
-0.81302
-0.827217
-0.847243
-0.868249
-0.887241
-0.904966
-0.927433
-0.943251
-0.963291
-0.979719
-1.00153
-1.01161
-1.02759
-1.04956
-1.06944
-1.08659
-1.11097
-1.13422
-1.1448
-1.17687
-1.18177
-1.21533
-1.23174
-1.24839
-1.27153
-1.29186
-1.31535
-1.32996
-1.34435
-1.37104
-1.3913
-1.41025
-1.42985
-1.44321
-1.46787
-1.48925
-1.51107
-1.52817
-1.5543
-1.57765
-1.60367
-1.62023
-1.63846
-1.65437
-1.68104
-1.70164
-1.72573
-1.75527
-1.77356
-1.77946
-1.79387
-1.81168
-1.84015
-1.85979
-1.87185
-1.89463
-1.9035
-1.92312
-1.9408
-1.96106
-1.98399
-2.00339
-2.02377
-2.03949
-2.08202
-2.10307
-2.1127
-2.12545
-2.15126
-2.17037
-2.19206
-2.20529
-2.2359
-2.25861
-2.264
-2.28281
-2.31222
-2.33389
-2.35964
-2.37102
-2.39132
-2.4142
-2.43885
-2.46361
-2.48053
-2.50344
-2.5275
-2.54674
-2.5648
-2.58361
-2.60967
-2.62563
-2.6459
-2.66131
-2.68121
-2.69723
-2.71668
-2.73373
-2.75701
-2.77659
0.0
0.00771859
0.000576824
6.84487e-05
7.15385e-06
0.00456133
0.00276534
-0.00447573
0.00220465
0.00745944
0.00715557
0.0194413
0.017891
0.0256344
0.0281559
0.0442759
0.0557397
0.0632231
0.0730222
0.0842391
0.103783
0.11593
0.124971
0.13696
0.1538
0.159299
0.173623
0.195437
0.204321
0.222939
0.233143
0.246473
0.263189
0.279899
0.29248
0.301043
0.311509
0.330715
0.337685
0.350191
0.368337
0.383766
0.407154
0.419874
0.431014
0.447582
0.460702
0.475061
0.482019
0.4993
0.513274
0.52897
0.544472
0.545207
0.565891
0.581331
0.59725
0.609084
0.618618
0.63224
0.653161
0.663271
0.668736
0.681388
0.702224
0.715362
0.728759
0.734799
0.751355
0.766992
0.786818
0.793658
0.803958
0.822478
0.835652
0.846024
0.859865
0.875694
0.888876
0.905445
0.925377
0.931434
0.938141
0.955897
0.966875
0.980297
0.987284
1.00377
1.01064
1.02339
1.0391
1.04461
1.06396
1.07428
1.0861
1.09775
1.10688
1.11643
1.1285
1.14238
1.1484
1.15864
1.17116
1.18805
1.19543
1.20343
1.21244
1.22064
1.24132
1.25353
1.25426
1.26677
1.28485
1.29877
1.30104
1.30884
1.32069
1.33775
1.34787
1.35413
1.36437
1.38215
1.38647
1.3936
1.40038
1.41264
1.4283
1.42942
1.43945
1.44493
1.46416
1.47461
1.47255
1.47946
1.48497
1.49312
1.50542
1.51292
1.52479
1.54466
1.54032
1.54765
1.55978
1.57174
1.57742
1.58419
1.59281
1.60503
1.61927
1.61374
1.63176
1.64308
1.6535
1.65273
1.66013
1.66741
1.6945
1.68786
1.69873
1.70373
1.72345
1.72446
1.73461
1.73771
1.74592
1.75604
1.76613
1.77144
1.78112
1.78805
1.79732
1.8051
1.81956
1.82346
1.82392
1.82542
1.84065
1.8446
1.84905
1.86008
1.86796
1.87111
1.87708
1.87651
1.88494
1.89436
1.8986
1.90225
1.90817
0.0
0.00479218
0.00410569
0.0044384
0.00279708
-0.00239397
-0.00146795
0.00160162
-0.000439279
-0.00014821
0.000543427
-0.00432438
-0.00631082
-0.0106556
-0.0130883
-0.0175673
-0.0300887
-0.0368439
-0.0388775
-0.052395
-0.0607848
-0.0713205
-0.0809508
-0.0856502
-0.100385
-0.107634
-0.117236
-0.129957
-0.141556
-0.14975
-0.160904
-0.175151
-0.184116
-0.191668
-0.200367
-0.214807
-0.228672
-0.245255
-0.246929
-0.261552
-0.277495
-0.290342
-0.305996
-0.30574
-0.322934
-0.335268
-0.348838
-0.350818
-0.368247
-0.387255
-0.393927
-0.403551
-0.418001
-0.433129
-0.445034
-0.455631
-0.458818
-0.477434
-0.485131
-0.499363
-0.508972
-0.521223
-0.532325
-0.542886
-0.554268
-0.564987
-0.577761
-0.585754
-0.596851
-0.605483
-0.616677
-0.622796
-0.639587
-0.64616
-0.652645
-0.661084
-0.673804
-0.692582
-0.704378
-0.713027
-0.732083
-0.737286
-0.745048
-0.758588
-0.771551
-0.784451
-0.797892
-0.802095
-0.817288
-0.82533
-0.836602
-0.852286
-0.862893
-0.876797
-0.888123
-0.888751
-0.907848
-0.919135
-0.922929
-0.93618
-0.944003
-0.955766
-0.965728
-0.979893
-0.987767
-1.00039
-1.01273
-1.02385
-1.03069
-1.02843
-1.04071
-1.06029
-1.07446
-1.07075
-1.08104
-1.10023
-1.10833
-1.11751
-1.13303
-1.1391
-1.15551
-1.15066
-1.16153
-1.18098
-1.19688
-1.20069
-1.21022
-1.22269
-1.24039
-1.24369
-1.24502
-1.25968
-1.275
-1.28133
-1.28899
-1.29686
-1.30944
-1.31861
-1.3283
-1.33972
-1.34315
-1.35783
-1.36642
-1.37583
-1.38213
-1.40136
-1.41275
-1.41969
-1.42938
-1.44032
-1.44851
-1.46092
-1.46575
-1.47797
-1.48584
-1.49893
-1.51069
-1.51896
-1.53241
-1.54455
-1.55541
-1.56295
-1.57223
-1.58487
-1.59624
-1.60117
-1.6083
-1.6206
-1.63782
-1.6478
-1.6514
-1.66064
-1.67796
-1.69139
-1.69822
-1.70807
-1.72209
-1.72402
-1.73583
-1.7458
-1.75505
-1.76444
-1.77293
-1.78444
-1.79273
-1.80254
-1.8122
-1.82465
-1.83404
-1.84377
-1.8531
-1.86286
-1.87648
-1.88395
-1.89322
-1.89917
-1.90552
-1.91704
-1.92469
-1.93681
-1.95168
-1.95809
-1.964
-1.97535
-1.98499
-1.98923
-2.00242
-2.01481
-2.02417
-2.03249
-2.04354
-2.05082
-2.06025
-2.06794
-2.07452
-2.08321
-2.09389
-2.10643
-2.10999
-2.12105
-2.13451
-2.14444
-2.15395
-2.16479
-2.16625
-2.17866
-2.19011
-2.20312
-2.20877
-2.21442
-2.2245
-2.2358
-2.24556
-2.25123
-2.26329
-2.27228
-2.28519
-2.29014
-2.29854
-2.30358
0.0
-0.000525762
-0.00405326
0.00125536
0.00282973
-0.00131956
-0.00171977
0.00225295
-0.000285841
0.00820367
0.00430094
0.00662473
0.0186118
0.0212463
0.0276549
0.036354
0.0428975
0.0436111
0.0481788
0.0577572
0.0746833
0.0896562
0.0918261
0.0946247
0.106407
0.123776
0.137004
0.145885
0.149633
0.162461
0.177416
0.187999
0.198517
0.207421
0.219797
0.236839
0.24683
0.261719
0.271208
0.280906
0.28241
0.29103
0.303476
0.308349
0.319926
0.328946
0.345497
0.355739
0.373844
0.379136
0.387826
0.399835
0.410258
0.428007
0.444643
0.455019
0.456461
0.472721
0.481777
0.488165
0.495393
0.510247
0.515286
0.525143
0.532488
0.546188
0.558211
0.564859
0.563423
0.581387
0.598085
0.602913
0.596783
0.607993
0.624029
0.6344
0.639398
0.636792
0.648496
0.665941
0.679493
0.677124
0.679618
0.696978
0.708771
0.713423
0.714757
0.729756
0.740874
0.739042
0.741846
0.759835
0.767033
0.766894
0.768322
0.776582
0.798248
0.800628
0.797125
0.803767
0.817885
0.824263
0.823545
0.825715
0.833807
0.838556
0.837535
0.843767
0.850426
0.856068
0.857809
0.866357
0.87354
0.867998
0.864172
0.8746
0.877899
0.881632
0.884043
0.882069
0.887204
0.889441
0.894076
0.892311
0.890337
0.893366
0.894577
0.893755
0.896342
0.898817
0.894888
0.902878
0.906136
0.905334
0.902296
0.905878
0.903711
0.908748
0.909252
0.907215
0.909687
0.911649
0.908759
0.909509
0.913332
0.916024
0.909508
0.913096
0.908285
0.910801
0.908741
0.910204
0.908635
0.912677
0.90847
0.904339
0.908648
0.906742
0.901868
0.902006
0.897721
0.899309
0.899956
0.895215
0.891362
0.886659
0.886567
0.891491
0.884037
0.877411
0.874542
0.880048
0.874657
0.869808
0.863095
0.868707
0.860997
0.863957
0.851468
0.852354
0.851215
0.854572
0.840005
0.833789
0.837462
0.836239
0.822732
0.816272
0.830831
0.829163
0.817009
0.808075
0.807942
0.798143
0.797207
0.776942
0.761208
0.775947
0.776997
0.770729
0.750564
0.744295
0.759402
0.755058
0.745448
0.721941
0.725398
0.733883
0.729069
0.700584
0.696826
0.0
0.00188392
-0.00455403
-0.00813926
0.00641232
-0.00749841
-0.00116702
-0.004372
-0.00446857
-0.00168364
-0.00578286
-0.0131078
-0.000794784
-0.0153518
-0.0258557
-0.0169627
-0.0276945
-0.0382109
-0.0402742
-0.0589956
-0.0572694
-0.0579783
-0.0637626
-0.0759483
-0.0790547
-0.0766409
-0.0755336
-0.0875468
-0.102294
-0.112792
-0.113565
-0.114804
-0.128798
-0.130275
-0.130846
-0.138024
-0.148829
-0.15518
-0.149051
-0.15851
-0.163611
-0.169387
-0.182517
-0.175449
-0.18632
-0.211724
-0.212188
-0.217214
-0.224411
-0.218798
-0.235974
-0.241947
-0.254306
-0.2554
-0.268697
-0.282727
-0.288687
-0.289606
-0.298673
-0.314265
-0.313256
-0.312935
-0.31858
-0.332907
-0.341752
-0.348438
-0.347825
-0.359944
-0.370854
-0.378519
-0.376556
-0.389608
-0.398553
-0.407612
-0.413253
-0.422835
-0.430407
-0.428515
-0.443536
-0.456359
-0.465204
-0.472742
-0.488256
-0.489851
-0.503774
-0.500172
-0.505614
-0.501899
-0.517416
-0.529959
-0.530249
-0.540468
-0.553519
-0.560023
-0.569622
-0.566862
-0.582496
-0.58878
-0.601273
-0.610246
-0.605146
-0.621338
-0.616775
-0.627162
-0.638685
-0.636635
-0.652877
-0.660187
-0.659723
-0.67131
-0.675839
-0.682181
-0.692798
-0.699344
-0.710433
-0.717002
-0.725934
-0.725527
-0.729659
-0.740708
-0.744822
-0.752981
-0.755567
-0.760966
-0.762924
-0.769748
-0.778349
-0.779653
-0.79028
-0.800777
-0.799396
-0.796223
-0.81111
-0.828953
-0.825816
-0.846337
-0.848275
-0.853991
-0.857466
-0.858859
-0.857742
-0.865664
-0.876331
-0.883551
-0.887277
-0.89995
-0.903684
-0.903425
-0.925164
-0.922086
-0.92271
-0.925471
-0.931802
-0.944933
-0.943782
-0.955205
-0.963119
-0.966801
-0.972176
-0.979699
-0.981365
-0.990617
-0.990306
-0.992453
-1.00203
-1.01261
-1.01822
-1.01862
-1.01906
-1.03431
-1.0365
-1.02918
-1.03288
-1.03966
-1.04601
-1.04466
-1.05339
-1.06141
-1.06716
-1.06647
-1.06421
-1.07272
-1.07334
-1.07716
-1.07703
-1.08524
-1.09211
-1.09275
-1.08815
-1.08887
-1.09275
-1.09442
-1.1003
-1.10163
-1.10548
-1.11816
-1.12142
-1.1232
-1.13045
-1.12867
-1.12342
-1.12812
-1.13763
-1.13347
-1.13126
-1.12692
-1.1399
-1.13865
-1.14268
-1.1458
-1.14491
-1.15441
-1.14597
-1.14976
-1.1474
-1.15196
-1.15894
-1.1655
-1.17223
-1.16461
-1.16307
-1.16651
-1.18048
-1.17742
-1.17212
-1.17913
-1.17705
-1.17945
-1.17497
-1.17502
-1.1912
-1.17977
-1.18266
-1.18915
-1.18755
-1.19724
-1.1938
-1.19406
-1.19411
-1.18961
-1.19325
-1.18904
-1.20262
-1.20322
-1.20019
-1.19007
-1.19658
-1.19419
-1.19412
-1.1966
-1.1859
-1.19508
-1.20066
-1.2004
-1.19928
-1.19763
-1.19536
-1.19898
-1.20576
-1.19949
-1.21005
-1.20562
-1.20573
-1.21333
-1.20732
-1.2123
-1.20144
-1.20014
-1.20015
-1.2036
-1.19353
-1.18627
-1.19281
-1.19937
-1.20775
-1.19446
-1.20247
-1.20139
-1.20091
-1.19494
-1.18507
-1.19277
-1.18411
-1.18639
-1.19403
-1.18927
-1.17849
-1.1759
-1.19319
-1.1937
-1.19161
-1.18756
-1.18458
-1.17929
-1.17448
-1.17448
0.0
